<?xml version="1.0" encoding="UTF-8" standalone="no"?>
<!DOCTYPE svg PUBLIC "-//W3C//DTD SVG 20010904//EN"
              "http://www.w3.org/TR/2001/REC-SVG-20010904/DTD/svg10.dtd">

<svg xmlns="http://www.w3.org/2000/svg"
     width="4.54444in" height="1.21111in"
     viewBox="0 0 409 109">
  <path id="Imported Path"
        fill="none" stroke="black" stroke-width="1"
        d="M 373.21,53.97
           C 372.80,49.17 369.09,45.22 364.40,45.22
             362.49,45.22 360.73,45.94 359.26,47.03
             359.26,47.03 359.26,45.22 359.26,45.22
             359.26,45.22 355.85,45.22 355.85,45.22
             355.85,45.22 355.85,64.00 355.85,64.00
             355.85,64.00 359.26,64.00 359.26,64.00
             359.26,64.00 359.26,52.51 359.26,52.51
             360.13,50.26 362.00,48.75 364.40,48.75
             366.95,48.75 369.09,50.52 369.80,53.04
             369.80,53.04 369.80,63.96 369.80,63.96
             369.80,63.96 373.21,63.96 373.21,63.96
             373.21,63.96 373.21,53.97 373.21,53.97 Z
           M 343.97,45.26
           C 338.94,45.26 334.86,49.43 334.86,54.61
             334.86,59.83 338.94,63.96 343.97,63.96
             348.95,63.96 353.04,59.83 353.04,54.61
             353.04,49.43 348.95,45.26 343.97,45.26 Z
           M 343.97,60.55
           C 340.74,60.55 338.16,57.88 338.16,54.61
             338.16,51.35 340.74,48.68 343.97,48.68
             347.16,48.68 349.74,51.35 349.74,54.61
             349.74,57.88 347.16,60.55 343.97,60.55 Z
           M 332.63,45.22
           C 332.63,45.22 329.25,45.22 329.25,45.22
             329.25,45.22 329.25,63.96 329.25,63.96
             329.25,63.96 332.63,63.96 332.63,63.96
             332.63,63.96 332.63,45.22 332.63,45.22 Z
           M 329.14,58.48
           C 329.14,59.46 329.93,60.25 330.90,60.25
             331.84,60.25 332.66,59.46 332.66,58.48
             332.66,57.54 331.84,56.72 330.90,56.72
             329.93,56.72 329.14,57.54 329.14,58.48 Z
           M 321.99,45.19
           C 321.99,45.19 321.99,35.84 321.99,35.84
             321.99,35.84 318.50,35.84 318.50,35.84
             318.50,35.84 318.50,45.19 318.50,45.19
             318.50,45.19 313.40,45.19 313.40,45.19
             313.40,45.19 313.40,48.75 313.40,48.75
             313.40,48.75 318.50,48.75 318.50,48.75
             318.50,48.75 318.50,64.00 318.50,64.00
             318.50,64.00 321.99,64.00 321.99,64.00
             321.99,64.00 321.99,48.75 321.99,48.75
             321.99,48.75 326.90,48.75 326.90,48.75
             326.90,48.75 326.90,45.19 326.90,45.19
             326.90,45.19 321.99,45.19 321.99,45.19 Z
           M 307.23,45.19
           C 307.23,45.19 307.23,47.48 307.23,47.48
             305.69,46.16 303.74,45.37 301.53,45.37
             296.58,45.37 292.53,49.54 292.53,54.65
             292.53,59.87 296.58,64.00 301.53,64.00
             303.74,64.00 305.69,63.21 307.23,61.90
             307.23,61.90 307.23,64.00 307.23,64.00
             307.23,64.00 310.64,64.00 310.64,64.00
             310.64,64.00 310.64,45.19 310.64,45.19
             310.64,45.19 307.23,45.19 307.23,45.19 Z
           M 304.94,60.58
           C 301.79,60.58 299.21,57.92 299.21,54.65
             299.21,51.46 301.79,48.79 304.94,48.79
             307.83,48.79 310.23,51.01 310.64,53.90
             310.64,53.90 310.64,55.48 310.64,55.48
             310.23,58.37 307.83,60.58 304.94,60.58
             304.94,60.58 304.94,60.58 304.94,60.58 Z
           M 289.87,53.97
           C 289.68,52.47 289.31,51.01 288.52,49.77
             286.91,47.06 284.24,45.19 281.06,45.19
             278.06,45.19 275.47,46.76 273.86,49.13
             272.24,46.76 269.69,45.19 266.84,45.19
             264.89,45.19 263.06,45.86 261.59,47.06
             261.59,47.06 261.59,45.19 261.59,45.19
             261.59,45.19 258.14,45.19 258.14,45.19
             258.14,45.19 258.14,64.00 258.14,64.00
             258.14,64.00 261.59,64.00 261.59,64.00
             261.59,64.00 261.59,52.47 261.59,52.47
             262.46,50.22 264.44,48.75 266.84,48.75
             269.39,48.75 271.46,50.48 272.21,53.04
             272.21,53.04 272.09,63.70 272.09,63.70
             272.09,63.70 272.09,63.93 272.09,63.93
             272.09,63.93 275.54,63.93 275.54,63.93
             275.54,63.93 275.54,53.22 275.54,53.22
             276.26,50.56 278.39,48.75 281.06,48.75
             283.61,48.75 285.67,50.48 286.46,53.04
             286.46,53.04 286.46,63.93 286.46,63.93
             286.46,63.93 289.83,63.93 289.83,63.93
             289.83,63.93 289.87,53.97 289.87,53.97 Z
           M 255.58,45.22
           C 255.58,45.22 252.20,45.22 252.20,45.22
             252.20,45.22 252.20,63.96 252.20,63.96
             252.20,63.96 255.58,63.96 255.58,63.96
             255.58,63.96 255.58,45.22 255.58,45.22 Z
           M 252.09,58.48
           C 252.09,59.46 252.88,60.25 253.85,60.25
             254.79,60.25 255.62,59.46 255.62,58.48
             255.62,57.54 254.79,56.72 253.85,56.72
             252.88,56.72 252.09,57.54 252.09,58.48 Z
           M 249.91,53.97
           C 249.49,49.17 245.78,45.22 241.09,45.22
             239.18,45.22 237.42,45.94 235.96,47.03
             235.96,47.03 235.96,45.22 235.96,45.22
             235.96,45.22 232.54,45.22 232.54,45.22
             232.54,45.22 232.54,64.00 232.54,64.00
             232.54,64.00 235.96,64.00 235.96,64.00
             235.96,64.00 235.96,52.51 235.96,52.51
             236.82,50.26 238.69,48.75 241.09,48.75
             243.64,48.75 245.78,50.52 246.49,53.04
             246.49,53.04 246.49,63.96 246.49,63.96
             246.49,63.96 249.91,63.96 249.91,63.96
             249.91,63.96 249.91,53.97 249.91,53.97 Z
           M 224.19,59.87
           C 224.19,59.87 225.95,64.00 225.95,64.00
             225.95,64.00 230.04,64.00 230.04,64.00
             230.04,64.00 218.64,37.60 218.64,37.60
             218.64,37.60 207.28,64.00 207.28,64.00
             207.28,64.00 211.25,64.00 211.25,64.00
             211.25,64.00 213.09,59.87 213.09,59.87
             213.09,59.87 224.19,59.87 224.19,59.87 Z
           M 211.52,56.45
           C 211.52,56.45 203.57,56.45 203.57,56.45
             203.57,56.45 207.54,47.29 207.54,47.29
             207.54,47.29 211.52,56.45 211.52,56.45 Z
           M 194.17,53.97
           C 193.98,52.47 193.60,51.01 192.82,49.77
             191.20,47.06 188.54,45.19 185.35,45.19
             182.35,45.19 179.77,46.76 178.15,49.13
             176.54,46.76 173.99,45.19 171.14,45.19
             169.19,45.19 167.35,45.86 165.89,47.06
             165.89,47.06 165.89,45.19 165.89,45.19
             165.89,45.19 162.44,45.19 162.44,45.19
             162.44,45.19 162.44,64.00 162.44,64.00
             162.44,64.00 165.89,64.00 165.89,64.00
             165.89,64.00 165.89,52.47 165.89,52.47
             166.75,50.22 168.74,48.75 171.14,48.75
             173.69,48.75 175.75,50.48 176.50,53.04
             176.50,53.04 176.39,63.70 176.39,63.70
             176.39,63.70 176.39,63.93 176.39,63.93
             176.39,63.93 179.84,63.93 179.84,63.93
             179.84,63.93 179.84,53.22 179.84,53.22
             180.55,50.56 182.69,48.75 185.35,48.75
             187.90,48.75 189.97,50.48 190.75,53.04
             190.75,53.04 190.75,63.93 190.75,63.93
             190.75,63.93 194.13,63.93 194.13,63.93
             194.13,63.93 194.17,53.97 194.17,53.97 Z
           M 159.77,54.16
           C 159.29,49.39 155.61,45.56 151.07,45.56
             149.09,45.56 147.29,46.31 145.79,47.52
             145.79,47.52 145.79,35.84 145.79,35.84
             145.79,35.84 142.30,35.84 142.30,35.84
             142.30,35.84 142.30,63.93 142.30,63.93
             142.30,63.93 142.45,63.96 142.45,63.96
             142.45,63.96 145.75,63.96 145.75,63.96
             145.75,63.96 145.79,53.22 145.79,53.22
             146.54,50.82 148.56,49.02 151.07,49.02
             153.62,49.02 155.65,50.78 156.36,53.30
             156.36,53.30 156.36,63.96 156.36,63.96
             156.36,63.96 159.70,63.96 159.70,63.96
             159.77,55.25 159.77,54.69 159.77,54.16
             159.77,54.16 159.77,54.16 159.77,54.16 Z
           M 134.78,45.19
           C 134.78,45.19 134.78,35.84 134.78,35.84
             134.78,35.84 131.30,35.84 131.30,35.84
             131.30,35.84 131.30,45.19 131.30,45.19
             131.30,45.19 126.20,45.19 126.20,45.19
             126.20,45.19 126.20,48.75 126.20,48.75
             126.20,48.75 131.30,48.75 131.30,48.75
             131.30,48.75 131.30,64.00 131.30,64.00
             131.30,64.00 134.78,64.00 134.78,64.00
             134.78,64.00 134.78,48.75 134.78,48.75
             134.78,48.75 139.70,48.75 139.70,48.75
             139.70,48.75 139.70,45.19 139.70,45.19
             139.70,45.19 134.78,45.19 134.78,45.19 Z
           M 123.89,45.22
           C 123.89,45.22 120.52,45.22 120.52,45.22
             120.52,45.22 120.52,63.96 120.52,63.96
             120.52,63.96 123.89,63.96 123.89,63.96
             123.89,63.96 123.89,45.22 123.89,45.22 Z
           M 120.41,58.48
           C 120.41,59.46 121.19,60.25 122.17,60.25
             123.11,60.25 123.93,59.46 123.93,58.48
             123.93,57.54 123.11,56.72 122.17,56.72
             121.19,56.72 120.41,57.54 120.41,58.48 Z
           M 112.22,45.19
           C 112.22,45.19 108.84,45.19 108.84,45.19
             108.84,45.19 108.84,64.00 108.84,64.00
             108.84,64.00 112.22,64.00 112.22,64.00
             112.22,64.00 112.22,54.58 112.22,54.58
             112.52,51.38 114.77,48.68 118.03,48.68
             118.03,48.68 118.03,45.37 118.03,45.37
             115.78,45.37 113.83,46.20 112.22,47.52
             112.22,47.52 112.22,45.19 112.22,45.19 Z
           M 97.37,45.26
           C 92.34,45.26 88.26,49.43 88.26,54.61
             88.26,59.83 92.34,63.96 97.37,63.96
             102.36,63.96 106.44,59.83 106.44,54.61
             106.44,49.43 102.36,45.26 97.37,45.26
             97.37,45.26 97.37,45.26 97.37,45.26 Z
           M 97.37,60.55
           C 94.14,60.55 91.56,57.88 91.56,54.61
             91.56,51.35 94.14,48.68 97.37,48.68
             100.56,48.68 103.14,51.35 103.14,54.61
             103.14,57.88 100.56,60.55 97.37,60.55 Z
           M 82.27,45.26
           C 82.27,45.26 82.27,47.37 82.27,47.37
             80.66,46.01 78.67,45.26 76.53,45.26
             71.51,45.26 67.42,49.43 67.42,54.58
             67.42,56.34 67.91,57.92 68.70,59.38
             69.33,60.40 70.12,61.37 71.13,62.16
             72.63,63.25 74.47,63.96 76.53,63.96
             78.67,63.96 80.62,63.21 82.12,61.90
             82.23,61.90 82.16,61.86 82.27,61.86
             82.27,61.86 82.27,62.20 82.27,62.20
             82.27,62.20 82.27,65.39 82.27,65.39
             81.60,67.87 79.38,69.75 76.68,69.75
             74.10,69.75 71.88,67.94 71.13,65.50
             71.13,65.50 69.11,68.99 69.11,68.99
             70.80,71.51 73.50,73.16 76.68,73.16
             78.78,73.16 80.66,72.41 82.27,71.17
             84.41,69.48 85.80,66.78 85.80,63.78
             85.80,63.78 85.80,45.26 85.80,45.26
             85.80,45.26 82.27,45.26 82.27,45.26 Z
           M 80.06,60.51
           C 78.67,60.51 77.47,60.10 76.46,59.27
             75.56,58.56 74.96,57.62 74.55,56.45
             74.36,55.85 74.25,55.21 74.25,54.58
             74.25,51.27 76.83,48.60 80.06,48.60
             83.02,48.60 85.38,50.90 85.80,53.79
             85.68,55.66 85.65,56.00 85.61,56.26
             85.20,57.43 84.60,58.41 83.73,59.16
             82.72,60.02 81.52,60.51 80.06,60.51
             80.06,60.51 80.06,60.51 80.06,60.51 Z
           M 74.66,65.39
           C 74.66,65.39 74.66,65.50 74.66,65.50
             74.66,65.50 74.73,65.39 74.73,65.39
             74.73,65.39 74.66,65.39 74.66,65.39 Z
           M 64.54,35.87
           C 64.54,35.87 61.09,35.87 61.09,35.87
             61.09,35.87 61.09,64.00 61.09,64.00
             61.09,64.00 64.54,64.00 64.54,64.00
             64.54,64.00 64.54,35.87 64.54,35.87 Z
           M 52.88,59.87
           C 52.88,59.87 54.64,64.00 54.64,64.00
             54.64,64.00 58.73,64.00 58.73,64.00
             58.73,64.00 47.33,37.60 47.33,37.60
             47.33,37.60 35.97,64.00 35.97,64.00
             35.97,64.00 39.95,64.00 39.95,64.00
             39.95,64.00 41.78,59.87 41.78,59.87
             41.78,59.87 52.88,59.87 52.88,59.87 Z
           M 40.21,56.45
           C 40.21,56.45 32.26,56.45 32.26,56.45
             32.26,56.45 36.23,47.29 36.23,47.29
             36.23,47.29 40.21,56.45 40.21,56.45 Z" />
</svg>
