<?xml version="1.0" encoding="UTF-8" standalone="no"?>
<!DOCTYPE svg PUBLIC "-//W3C//DTD SVG 20010904//EN"
              "http://www.w3.org/TR/2001/REC-SVG-20010904/DTD/svg10.dtd">

<svg xmlns="http://www.w3.org/2000/svg"
     width="5.02222in" height="1.15556in"
     viewBox="0 0 452 104">
  <path id="Imported Path"
        fill="none" stroke="black" stroke-width="1"
        d="M 0.00,0.00
           C 0.00,0.00 452.00,0.00 452.00,0.00
             452.00,0.00 452.00,104.00 452.00,104.00
             452.00,104.00 0.00,104.00 0.00,104.00
             0.00,104.00 0.00,0.00 0.00,0.00 Z
           M 394.45,51.47
           C 394.04,46.67 390.33,42.74 385.64,42.74
             383.73,42.74 381.97,43.45 380.51,44.54
             380.51,44.54 380.51,42.74 380.51,42.74
             380.51,42.74 377.10,42.74 377.10,42.74
             377.10,42.74 377.10,61.49 377.10,61.49
             377.10,61.49 380.51,61.49 380.51,61.49
             380.51,61.49 380.51,50.01 380.51,50.01
             381.37,47.76 383.25,46.26 385.64,46.26
             388.19,46.26 390.33,48.02 391.04,50.54
             391.04,50.54 391.04,61.45 391.04,61.45
             391.04,61.45 394.45,61.45 394.45,61.45
             394.45,61.45 394.45,51.47 394.45,51.47 Z
           M 365.23,42.77
           C 360.21,42.77 356.13,46.94 356.13,52.11
             356.13,57.33 360.21,61.45 365.23,61.45
             370.21,61.45 374.30,57.33 374.30,52.11
             374.30,46.94 370.21,42.77 365.23,42.77 Z
           M 365.23,58.04
           C 362.01,58.04 359.43,55.38 359.43,52.11
             359.43,48.85 362.01,46.19 365.23,46.19
             368.42,46.19 371.00,48.85 371.00,52.11
             371.00,55.38 368.42,58.04 365.23,58.04 Z
           M 353.90,42.74
           C 353.90,42.74 350.53,42.74 350.53,42.74
             350.53,42.74 350.53,61.45 350.53,61.45
             350.53,61.45 353.90,61.45 353.90,61.45
             353.90,61.45 353.90,42.74 353.90,42.74 Z
           M 350.42,55.98
           C 350.42,56.95 351.21,57.74 352.18,57.74
             353.12,57.74 353.94,56.95 353.94,55.98
             353.94,55.04 353.12,54.21 352.18,54.21
             351.21,54.21 350.42,55.04 350.42,55.98 Z
           M 343.27,42.70
           C 343.27,42.70 343.27,33.36 343.27,33.36
             343.27,33.36 339.79,33.36 339.79,33.36
             339.79,33.36 339.79,42.70 339.79,42.70
             339.79,42.70 334.69,42.70 334.69,42.70
             334.69,42.70 334.69,46.26 334.69,46.26
             334.69,46.26 339.79,46.26 339.79,46.26
             339.79,46.26 339.79,61.49 339.79,61.49
             339.79,61.49 343.27,61.49 343.27,61.49
             343.27,61.49 343.27,46.26 343.27,46.26
             343.27,46.26 348.18,46.26 348.18,46.26
             348.18,46.26 348.18,42.70 348.18,42.70
             348.18,42.70 343.27,42.70 343.27,42.70 Z
           M 328.53,42.70
           C 328.53,42.70 328.53,44.99 328.53,44.99
             327.00,43.67 325.05,42.89 322.84,42.89
             317.89,42.89 313.85,47.05 313.85,52.15
             313.85,57.36 317.89,61.49 322.84,61.49
             325.05,61.49 327.00,60.70 328.53,59.39
             328.53,59.39 328.53,61.49 328.53,61.49
             328.53,61.49 331.94,61.49 331.94,61.49
             331.94,61.49 331.94,42.70 331.94,42.70
             331.94,42.70 328.53,42.70 328.53,42.70 Z
           M 326.25,58.08
           C 323.10,58.08 320.52,55.41 320.52,52.15
             320.52,48.96 323.10,46.30 326.25,46.30
             329.13,46.30 331.53,48.51 331.94,51.40
             331.94,51.40 331.94,52.98 331.94,52.98
             331.53,55.86 329.13,58.08 326.25,58.08
             326.25,58.08 326.25,58.08 326.25,58.08 Z
           M 311.19,51.47
           C 311.00,49.97 310.63,48.51 309.84,47.27
             308.23,44.57 305.57,42.70 302.39,42.70
             299.39,42.70 296.80,44.27 295.19,46.64
             293.58,44.27 291.03,42.70 288.19,42.70
             286.24,42.70 284.40,43.37 282.94,44.57
             282.94,44.57 282.94,42.70 282.94,42.70
             282.94,42.70 279.50,42.70 279.50,42.70
             279.50,42.70 279.50,61.49 279.50,61.49
             279.50,61.49 282.94,61.49 282.94,61.49
             282.94,61.49 282.94,49.97 282.94,49.97
             283.81,47.72 285.79,46.26 288.19,46.26
             290.74,46.26 292.80,47.99 293.54,50.54
             293.54,50.54 293.43,61.19 293.43,61.19
             293.43,61.19 293.43,61.41 293.43,61.41
             293.43,61.41 296.88,61.41 296.88,61.41
             296.88,61.41 296.88,50.72 296.88,50.72
             297.59,48.06 299.73,46.26 302.39,46.26
             304.93,46.26 306.99,47.99 307.78,50.54
             307.78,50.54 307.78,61.41 307.78,61.41
             307.78,61.41 311.15,61.41 311.15,61.41
             311.15,61.41 311.19,51.47 311.19,51.47 Z
           M 276.93,42.74
           C 276.93,42.74 273.56,42.74 273.56,42.74
             273.56,42.74 273.56,61.45 273.56,61.45
             273.56,61.45 276.93,61.45 276.93,61.45
             276.93,61.45 276.93,42.74 276.93,42.74 Z
           M 273.45,55.98
           C 273.45,56.95 274.24,57.74 275.21,57.74
             276.15,57.74 276.97,56.95 276.97,55.98
             276.97,55.04 276.15,54.21 275.21,54.21
             274.24,54.21 273.45,55.04 273.45,55.98 Z
           M 271.27,51.47
           C 270.86,46.67 267.15,42.74 262.46,42.74
             260.55,42.74 258.79,43.45 257.33,44.54
             257.33,44.54 257.33,42.74 257.33,42.74
             257.33,42.74 253.92,42.74 253.92,42.74
             253.92,42.74 253.92,61.49 253.92,61.49
             253.92,61.49 257.33,61.49 257.33,61.49
             257.33,61.49 257.33,50.01 257.33,50.01
             258.19,47.76 260.07,46.26 262.46,46.26
             265.01,46.26 267.15,48.02 267.86,50.54
             267.86,50.54 267.86,61.45 267.86,61.45
             267.86,61.45 271.27,61.45 271.27,61.45
             271.27,61.45 271.27,51.47 271.27,51.47 Z
           M 245.58,57.36
           C 245.58,57.36 247.34,61.49 247.34,61.49
             247.34,61.49 251.42,61.49 251.42,61.49
             251.42,61.49 240.03,35.12 240.03,35.12
             240.03,35.12 228.68,61.49 228.68,61.49
             228.68,61.49 232.65,61.49 232.65,61.49
             232.65,61.49 234.49,57.36 234.49,57.36
             234.49,57.36 245.58,57.36 245.58,57.36 Z
           M 232.92,53.95
           C 232.92,53.95 224.98,53.95 224.98,53.95
             224.98,53.95 228.95,44.80 228.95,44.80
             228.95,44.80 232.92,53.95 232.92,53.95 Z
           M 215.58,51.47
           C 215.40,49.97 215.02,48.51 214.24,47.27
             212.62,44.57 209.97,42.70 206.78,42.70
             203.78,42.70 201.20,44.27 199.59,46.64
             197.98,44.27 195.43,42.70 192.58,42.70
             190.64,42.70 188.80,43.37 187.34,44.57
             187.34,44.57 187.34,42.70 187.34,42.70
             187.34,42.70 183.89,42.70 183.89,42.70
             183.89,42.70 183.89,61.49 183.89,61.49
             183.89,61.49 187.34,61.49 187.34,61.49
             187.34,61.49 187.34,49.97 187.34,49.97
             188.20,47.72 190.19,46.26 192.58,46.26
             195.13,46.26 197.19,47.99 197.94,50.54
             197.94,50.54 197.83,61.19 197.83,61.19
             197.83,61.19 197.83,61.41 197.83,61.41
             197.83,61.41 201.27,61.41 201.27,61.41
             201.27,61.41 201.27,50.72 201.27,50.72
             201.99,48.06 204.12,46.26 206.78,46.26
             209.33,46.26 211.39,47.99 212.18,50.54
             212.18,50.54 212.18,61.41 212.18,61.41
             212.18,61.41 215.55,61.41 215.55,61.41
             215.55,61.41 215.58,51.47 215.58,51.47 Z
           M 181.23,51.66
           C 180.74,46.90 177.07,43.07 172.54,43.07
             170.55,43.07 168.75,43.82 167.25,45.02
             167.25,45.02 167.25,33.36 167.25,33.36
             167.25,33.36 163.77,33.36 163.77,33.36
             163.77,33.36 163.77,61.41 163.77,61.41
             163.77,61.41 163.92,61.45 163.92,61.45
             163.92,61.45 167.22,61.45 167.22,61.45
             167.22,61.45 167.25,50.72 167.25,50.72
             168.00,48.32 170.03,46.52 172.54,46.52
             175.08,46.52 177.11,48.29 177.82,50.80
             177.82,50.80 177.82,61.45 177.82,61.45
             177.82,61.45 181.15,61.45 181.15,61.45
             181.23,52.75 181.23,52.19 181.23,51.66
             181.23,51.66 181.23,51.66 181.23,51.66 Z
           M 156.26,42.70
           C 156.26,42.70 156.26,33.36 156.26,33.36
             156.26,33.36 152.78,33.36 152.78,33.36
             152.78,33.36 152.78,42.70 152.78,42.70
             152.78,42.70 147.69,42.70 147.69,42.70
             147.69,42.70 147.69,46.26 147.69,46.26
             147.69,46.26 152.78,46.26 152.78,46.26
             152.78,46.26 152.78,61.49 152.78,61.49
             152.78,61.49 156.26,61.49 156.26,61.49
             156.26,61.49 156.26,46.26 156.26,46.26
             156.26,46.26 161.17,46.26 161.17,46.26
             161.17,46.26 161.17,42.70 161.17,42.70
             161.17,42.70 156.26,42.70 156.26,42.70 Z
           M 145.38,42.74
           C 145.38,42.74 142.01,42.74 142.01,42.74
             142.01,42.74 142.01,61.45 142.01,61.45
             142.01,61.45 145.38,61.45 145.38,61.45
             145.38,61.45 145.38,42.74 145.38,42.74 Z
           M 141.90,55.98
           C 141.90,56.95 142.69,57.74 143.66,57.74
             144.60,57.74 145.42,56.95 145.42,55.98
             145.42,55.04 144.60,54.21 143.66,54.21
             142.69,54.21 141.90,55.04 141.90,55.98 Z
           M 133.72,42.70
           C 133.72,42.70 130.35,42.70 130.35,42.70
             130.35,42.70 130.35,61.49 130.35,61.49
             130.35,61.49 133.72,61.49 133.72,61.49
             133.72,61.49 133.72,52.08 133.72,52.08
             134.02,48.89 136.27,46.19 139.53,46.19
             139.53,46.19 139.53,42.89 139.53,42.89
             137.28,42.89 135.33,43.71 133.72,45.02
             133.72,45.02 133.72,42.70 133.72,42.70 Z
           M 118.89,42.77
           C 113.87,42.77 109.78,46.94 109.78,52.11
             109.78,57.33 113.87,61.45 118.89,61.45
             123.87,61.45 127.95,57.33 127.95,52.11
             127.95,46.94 123.87,42.77 118.89,42.77
             118.89,42.77 118.89,42.77 118.89,42.77 Z
           M 118.89,58.04
           C 115.67,58.04 113.08,55.38 113.08,52.11
             113.08,48.85 115.67,46.19 118.89,46.19
             122.07,46.19 124.66,48.85 124.66,52.11
             124.66,55.38 122.07,58.04 118.89,58.04
             118.89,58.04 118.89,58.04 118.89,58.04 Z
           M 103.80,42.77
           C 103.80,42.77 103.80,44.87 103.80,44.87
             102.19,43.52 100.21,42.77 98.07,42.77
             93.05,42.77 88.97,46.94 88.97,52.08
             88.97,53.84 89.46,55.41 90.24,56.88
             90.88,57.89 91.67,58.86 92.68,59.65
             94.18,60.74 96.01,61.45 98.07,61.45
             100.21,61.45 102.16,60.70 103.65,59.39
             103.77,59.39 103.69,59.35 103.80,59.35
             103.80,59.35 103.80,59.69 103.80,59.69
             103.80,59.69 103.80,62.88 103.80,62.88
             103.13,65.35 100.92,67.23 98.22,67.23
             95.64,67.23 93.43,65.43 92.68,62.99
             92.68,62.99 90.66,66.48 90.66,66.48
             92.34,68.99 95.04,70.64 98.22,70.64
             100.32,70.64 102.19,69.89 103.80,68.65
             105.94,66.97 107.33,64.27 107.33,61.26
             107.33,61.26 107.33,42.77 107.33,42.77
             107.33,42.77 103.80,42.77 103.80,42.77 Z
           M 101.59,58.00
           C 100.21,58.00 99.01,57.59 98.00,56.76
             97.10,56.05 96.50,55.11 96.09,53.95
             95.90,53.35 95.79,52.71 95.79,52.08
             95.79,48.77 98.37,46.11 101.59,46.11
             104.55,46.11 106.91,48.40 107.33,51.29
             107.21,53.16 107.18,53.50 107.14,53.76
             106.73,54.93 106.13,55.90 105.27,56.65
             104.25,57.51 103.06,58.00 101.59,58.00
             101.59,58.00 101.59,58.00 101.59,58.00 Z
           M 96.20,62.88
           C 96.20,62.88 96.20,62.99 96.20,62.99
             96.20,62.99 96.27,62.88 96.27,62.88
             96.27,62.88 96.20,62.88 96.20,62.88 Z
           M 86.09,33.40
           C 86.09,33.40 82.65,33.40 82.65,33.40
             82.65,33.40 82.65,61.49 82.65,61.49
             82.65,61.49 86.09,61.49 86.09,61.49
             86.09,61.49 86.09,33.40 86.09,33.40 Z
           M 74.45,57.36
           C 74.45,57.36 76.21,61.49 76.21,61.49
             76.21,61.49 80.29,61.49 80.29,61.49
             80.29,61.49 68.90,35.12 68.90,35.12
             68.90,35.12 57.55,61.49 57.55,61.49
             57.55,61.49 61.52,61.49 61.52,61.49
             61.52,61.49 63.36,57.36 63.36,57.36
             63.36,57.36 74.45,57.36 74.45,57.36 Z
           M 61.79,53.95
           C 61.79,53.95 53.84,53.95 53.84,53.95
             53.84,53.95 57.81,44.80 57.81,44.80
             57.81,44.80 61.79,53.95 61.79,53.95 Z" />
</svg>
